1769706361 71
1769708161 72
1769709961 74
1769711762 76
1769713562 68
1769715362 58
1769717161 48
1769718962 37
1769720761 32
1769722562 43
1769724362 43
1769726162 46
1769727961 43
1769729762 46
1769731561 36
1769733361 38
1769735167 33
1769736962 32
1769738761 25
1769740561 23
1769742361 27
1769744162 28
1769745962 34
1769747762 35
1769749561 37
1769751362 37
1769753162 36
1769754961 35
1769756762 34
1769758561 37
1769760361 25
1769762161 23
1769763962 33
1769765761 25
1769767561 30
1769769362 25
1769771161 24
1769772961 19
1769774762 18
1769776562 20
1769778362 20
1769780161 17
1769781961 15
1769783761 16
1769785561 19
1769787361 21
1769789161 21
1769790961 20
