0.00,0.04,0.33,0.81,0.96,0.97,0.89,0.79,0.40
100W,CW,TOA>3,SP,S=117
1 0.00,0.13,0.54,0.89,0.96,0.86,0.74,0.10,0.00
2 0.01,0.18,0.61,0.91,0.90,0.59,0.02,0.00,0.00
3 0.02,0.26,0.66,0.88,0.76,0.03,0.00,0.00,0.00
4 0.01,0.28,0.63,0.83,0.66,0.00,0.00,0.00,0.00
5 0.01,0.18,0.53,0.80,0.67,0.00,0.00,0.00,0.00
6 0.03,0.05,0.54,0.75,0.67,0.00,0.00,0.00,0.00
7 0.00,0.05,0.06,0.69,0.65,0.00,0.00,0.00,0.00
8 0.00,0.00,0.00,0.26,0.42,0.00,0.00,0.00,0.00
9 0.00,0.00,0.00,0.08,0.03,0.00,0.00,0.00,0.00
10 0.00,0.00,0.00,0.00,0.00,0.00,0.00,0.00,0.00
11 0.00,0.00,0.00,0.00,0.00,0.00,0.00,0.00,0.00
12 0.00,0.00,0.00,0.00,0.00,0.00,0.00,0.00,0.00
13 0.00,0.00,0.00,0.00,0.00,0.00,0.21,0.15,0.01
14 0.00,0.00,0.00,0.00,0.00,0.00,0.04,0.54,0.55
15 0.00,0.00,0.00,0.00,0.00,0.00,0.00,0.65,0.72
16 0.00,0.00,0.00,0.00,0.00,0.07,0.02,0.68,0.85
17 0.00,0.00,0.00,0.00,0.00,0.26,0.11,0.77,0.90
18 0.00,0.00,0.00,0.00,0.00,0.34,0.26,0.86,0.98
19 0.00,0.00,0.00,0.00,0.01,0.12,0.72,0.97,0.97
20 0.00,0.00,0.00,0.00,0.05,0.64,0.90,0.99,0.97
21 0.00,0.00,0.00,0.01,0.48,0.88,0.96,0.96,0.98
22 0.00,0.00,0.00,0.21,0.79,0.95,0.97,0.94,0.92
23 0.00,0.00,0.10,0.64,0.93,0.97,0.96,0.88,0.83
0 0.00,0.04,0.33,0.81,0.96,0.97,0.89,0.79,0.40
