1769691961 : 0 3.2 0.841963
1769692261 : 0 3.3 0.860951
1769692561 : 0 3.3 0.85742
1769692861 : 0 3.3 0.868667
1769693161 : 0 3.5 0.925679
1769693461 : 0 3.3 0.879123
1769693462 : 0 3.3 0.879123
1769693761 : 0 3.3 0.869531
1769694061 : 0 3.3 0.879679
1769694361 : 0 3.4 0.890012
1769694661 : 0 3.4 0.903247
1769694961 : 0 3.4 0.910889
1769695261 : 0 3.4 0.885753
1769695561 : 0 3.4 0.889901
1769695861 : 0 3.4 0.906704
1769696161 : 0 4.9 1.29416
1769696162 : 0 4.9 1.29416
1769696461 : 0 4.9 1.28444
1769696761 : 0 5.6 1.47712
1769696762 : 0 5.6 1.47712
1769697061 : 0 5.9 1.55607
1769697361 : 0 6 1.57317
1769697661 : 0 5.7 1.49116
1769697961 : 0 5.4 1.43458
1769698261 : 0 5.2 1.35174
1769698561 : 0 4.8 1.26202
1769698861 : 0 4.6 1.19437
1769699161 : 0 4.4 1.15557
1769699162 : 0 4.4 1.15557
1769699461 : 0 4.4 1.14216
1769699761 : 0 4.4 1.15293
1769700061 : 0 4.3 1.11589
1769700361 : 0 4.1 1.08233
1769700362 : 0 4.1 1.08233
1769700661 : 0 4.1 1.06415
1769700961 : 0 3.9 1.01889
1769701261 : 0 3.9 1.00143
1769701262 : 0 3.9 1.00143
1769701561 : 0 3.8 0.998889
1769701861 : 0 3.9 1.00949
1769702161 : 0 4 1.03142
1769702461 : 0 3.9 1.00663
1769702761 : 0 3.8 0.972741
1769703061 : 0 3.8 0.987975
1769703361 : 0 4.2 1.10657
1769703661 : 0 4.5 1.17547
1769703961 : 0 4.1 1.08125
1769704261 : 0 4.1 1.05905
1769704262 : 0 4.1 1.05905
1769704561 : 0 4.3 1.13242
1769704861 : 0 4.1 1.08344
1769704862 : 0 4.1 1.08344
1769705161 : 0 4.1 1.06344
1769705461 : 0 3.9 1.01643
1769705761 : 0 3.8 0.983877
1769706061 : 0 3.9 1.02826
1769706361 : 0 4.4 1.15712
1769706661 : 0 5 1.29609
1769706961 : 0 5.3 1.39537
1769707261 : 0 5.2 1.38567
1769707561 : 0 5.1 1.3421
1769707562 : 0 5.1 1.3421
1769707861 : 0 4.8 1.25491
1769708161 : 0 4.5 1.18673
1769708461 : 0 4.4 1.15207
1769708761 : 0 4.1 1.07398
1769709061 : 0 4.1 1.05873
1769709361 : 0 4.2 1.09495
1769709661 : 0 4.3 1.13783
1769709961 : 0 4.3 1.12431
1769710261 : 0 4.2 1.09091
1769710561 : 0 4.2 1.09685
1769710861 : 0 4 1.05199
1769711161 : 0 3.9 1.02872
1769711461 : 0 3.8 0.976975
1769711761 : 0 3.9 1.00759
1769712061 : 0 4 1.02947
1769712062 : 0 4 1.02947
1769712361 : 0 4.1 1.07836
1769712661 : 0 4.1 1.06444
1769712662 : 0 4.1 1.06444
1769712962 : 0 3.9 1.00125
1769713261 : 0 3.6 0.944864
1769713561 : 0 3.4 0.902358
1769713562 : 0 3.4 0.902358
1769713861 : 0 3.3 0.876481
1769714161 : 0 3.3 0.854667
1769714461 : 0 3.3 0.862296
1769714462 : 0 3.3 0.862296
1769714761 : 0 3.3 0.853617
1769715061 : 0 3.3 0.870222
1769715361 : 0 3.4 0.891481
1769715661 : 0 3.3 0.881074
1769715961 : 0 3.5 0.932815
1769716261 : 0 3.4 0.89121
1769716561 : 0 3.5 0.915926
1769716861 : 0 3.6 0.945679
1769717161 : 0 3.3 0.882975
1769717461 : 0 3.3 0.86763
1769717761 : 0 3.3 0.855914
1769717762 : 0 3.3 0.855914
1769718062 : 0 3.2 0.852988
1769718361 : 0 3.2 0.844444
1769718661 : 0 3.2 0.847198
1769718961 : 0 3.3 0.859556
1769718962 : 0 3.3 0.859556
1769719261 : 0 3.5 0.920519
1769719561 : 0 3.6 0.942654
1769719562 : 0 3.6 0.942654
1769719861 : 0 3.5 0.917506
1769720161 : 0 3.3 0.872062
1769720461 : 0 3.3 0.862716
1769720761 : 0 3.1 0.822506
1769721061 : 0 2.9 0.787506
1769721361 : 0 2.9 0.774827
1769721661 : 0 2.9 0.781469
1769721961 : 0 3.1 0.794432
1769722261 : 0 3.1 0.800889
1769722561 : 0 3.6 0.968593
1769722562 : 0 3.6 0.968593
1769722862 : 0 4.8 1.25199
1769723161 : 0 5.5 1.46412
1769723461 : 0 5.8 1.51726
1769723761 : 0 5.3 1.39919
1769723762 : 0 5.3 1.39919
1769724061 : 0 5 1.30346
1769724361 : 0 4.6 1.21506
1769724661 : 0 4.2 1.10727
1769724961 : 0 4.2 1.10086
1769724962 : 0 4.2 1.10086
1769725261 : 0 4.2 1.0913
1769725561 : 0 4.2 1.09486
1769725861 : 0 4.2 1.08635
1769726161 : 0 4.1 1.05778
1769726461 : 0 4 1.05607
1769726462 : 0 4 1.05607
1769726762 : 0 4.1 1.08101
1769727061 : 0 7 1.82269
1769727361 : 0 5.5 1.4497
1769727661 : 0 4.7 1.22319
1769727662 : 0 4.7 1.22319
1769727961 : 0 4.4 1.14667
1769728261 : 0 4.1 1.08122
1769728262 : 0 4.1 1.08122
1769728562 : 0 4 1.04283
1769728861 : 0 4 1.05353
1769729161 : 0 4.1 1.06095
1769729461 : 0 4.1 1.08085
1769729761 : 0 4.2 1.10925
1769729762 : 0 4.2 1.10925
1769730061 : 0 4.8 1.25912
1769730361 : 0 4.8 1.26736
1769730661 : 0 4.9 1.27131
1769730961 : 0 5.1 1.32136
1769731261 : 0 5.3 1.41757
1769731561 : 0 5.4 1.42693
1769731861 : 0 5.8 1.51715
1769731862 : 0 5.8 1.51715
1769732161 : 0 5.9 1.53472
1769732461 : 0 5.8 1.51379
1769732761 : 0 5.9 1.53758
1769733061 : 0 6 1.58846
1769733062 : 0 6 1.58846
1769733361 : 0 6.1 1.61933
1769733661 : 0 6 1.57153
1769733961 : 0 5.8 1.52238
1769733962 : 0 5.8 1.52238
1769734262 : 0 5.9 1.55226
1769734561 : 0 6.5 1.72689
1769734861 : 0 7.2 1.88328
1769734862 : 0 7.2 1.88328
1769735162 : 0 6.9 1.79815
1769735167 : 0 6.9 1.79815
1769735461 : 0 6.5 1.71286
1769735761 : 0 6.3 1.66121
1769736061 : 0 6.8 1.77443
1769736361 : 0 6.8 1.79375
1769736362 : 0 6.8 1.79375
1769736662 : 0 6.8 1.79022
1769736664 : 0 6.8 1.79022
1769736961 : 0 6.7 1.77062
1769737261 : 0 6.5 1.71289
1769737561 : 0 6.3 1.64442
1769737861 : 0 6 1.59404
1769738161 : 0 5.9 1.5469
1769738162 : 0 5.9 1.5469
1769738461 : 0 5.7 1.50825
1769738761 : 0 6 1.56721
1769739061 : 0 6 1.56012
1769739361 : 0 5.9 1.54863
1769739362 : 0 5.9 1.54863
1769739661 : 0 5.8 1.53156
1769739961 : 0 5.8 1.5114
1769740261 : 0 5.7 1.49893
1769740561 : 0 5.6 1.47307
1769740861 : 0 5.6 1.47169
1769741161 : 0 5.7 1.49336
1769741461 : 0 5.6 1.47911
1769741761 : 0 5.3 1.40672
1769742061 : 0 5.2 1.35793
1769742063 : 0 5.2 1.35793
1769742361 : 0 4.9 1.29226
1769742661 : 0 4.9 1.27584
1769742961 : 0 4.9 1.27604
1769742962 : 0 4.9 1.27604
1769743261 : 0 4.9 1.27604
1769743561 : 0 4.5 1.16769
1769743562 : 0 4.5 1.16769
1769743862 : 0 4.4 1.1524
1769744161 : 0 4.5 1.17938
1769744461 : 0 4.3 1.12885
1769744761 : 0 4.4 1.13816
1769745061 : 0 4.8 1.24894
1769745361 : 0 5.1 1.33596
1769745362 : 0 5.1 1.33596
1769745662 : 0 6.1 1.62069
1769745962 : 0 6.7 1.75427
1769746261 : 0 6.1 1.6134
1769746561 : 0 5.8 1.52067
1769746861 : 0 5.2 1.36242
1769747161 : 0 4.8 1.25409
1769747461 : 0 4.4 1.14277
1769747462 : 0 4.4 1.14277
1769747761 : 0 4.3 1.1377
1769748061 : 0 4.1 1.07672
1769748062 : 0 4.1 1.07672
1769748362 : 0 4 1.04742
1769748662 : 0 3.9 1.01641
1769748962 : 0 3.9 1.01216
1769749261 : 0 3.9 1.00441
1769749561 : 0 3.9 1.02105
1769749861 : 0 4.3 1.12337
1769750161 : 0 4.9 1.29256
1769750461 : 0 6.2 1.6328
1769750462 : 0 6.2 1.6328
1769750762 : 0 6.8 1.79295
1769751062 : 0 7 1.84268
1769751362 : 0 7.2 1.88062
1769751662 : 0 7.2 1.88238
1769751961 : 0 7 1.82925
1769752261 : 0 6.3 1.64721
1769752561 : 0 5.6 1.46946
1769752861 : 0 5.2 1.38795
1769753161 : 0 5 1.31854
1769753461 : 0 4.9 1.26948
1769753761 : 0 4.8 1.26667
1769754061 : 0 4.7 1.23779
1769754062 : 0 4.7 1.23779
1769754361 : 0 5 1.30135
1769754661 : 0 5.2 1.34907
1769754662 : 0 5.2 1.34907
1769754961 : 0 5.3 1.40247
1769755261 : 0 5.5 1.4409
1769755561 : 0 5.5 1.44612
1769755861 : 0 5.7 1.48591
1769756161 : 0 5.4 1.43111
1769756162 : 0 5.4 1.43111
1769756461 : 0 5.1 1.33686
1769756761 : 0 4.6 1.21393
1769757061 : 0 4.4 1.14693
1769757062 : 0 4.4 1.14693
1769757362 : 0 6.5 1.70484
1769757661 : 0 4.5 1.17753
1769757961 : 0 4.7 1.23544
1769758261 : 0 4.7 1.22058
1769758561 : 0 4.8 1.25186
1769758861 : 0 5 1.3092
1769758862 : 0 5 1.3092
1769759161 : 0 5.2 1.37435
1769759461 : 0 6.2 1.6324
1769759462 : 0 6.2 1.6324
1769759761 : 0 6.4 1.66911
1769760061 : 0 6.1 1.61619
1769760361 : 0 6 1.55644
1769760661 : 0 5.8 1.52173
1769760961 : 0 5.6 1.48393
1769761261 : 0 5.4 1.42462
1769761561 : 0 5.2 1.35941
1769761562 : 0 5.2 1.35941
1769761861 : 0 5.1 1.33919
1769762161 : 0 5.1 1.32422
1769762461 : 0 5 1.3119
1769762462 : 0 5 1.3119
1769762761 : 0 5.1 1.33575
1769763061 : 0 5.7 1.49574
1769763062 : 0 5.7 1.49574
1769763361 : 0 7.3 1.91175
1769763661 : 0 7 1.84922
1769763961 : 0 6.7 1.75814
1769763962 : 0 6.7 1.75814
1769764262 : 0 6 1.5727
1769764562 : 0 5.7 1.49248
1769764861 : 0 5.4 1.41572
1769765161 : 0 5.1 1.34167
1769765162 : 0 5.1 1.34167
1769765461 : 0 4.8 1.25889
1769765761 : 0 4.7 1.21721
1769766061 : 0 4.6 1.20514
1769766361 : 0 4.5 1.16753
1769766362 : 0 4.5 1.16753
1769766661 : 0 4.4 1.15612
1769766961 : 0 4.4 1.14773
1769767261 : 0 4.5 1.17022
1769767561 : 0 4.5 1.1798
1769767861 : 0 4.9 1.27132
1769768161 : 0 4.7 1.24221
1769768461 : 0 4.7 1.21816
1769768761 : 0 5.2 1.36578
1769768762 : 0 5.2 1.36578
1769769062 : 0 5.5 1.4534
1769769361 : 0 6.5 1.69409
1769769661 : 0 7.7 2.01477
1769769961 : 0 7.3 1.9332
1769769962 : 0 7.3 1.9332
1769770261 : 0 6.6 1.73322
1769770561 : 0 5.6 1.4663
1769770861 : 0 4.7 1.2421
1769771161 : 0 4.3 1.13269
1769771461 : 0 4.1 1.07515
1769771761 : 0 4 1.0418
1769772061 : 0 3.9 1.02557
1769772361 : 0 3.9 1.00825
1769772362 : 0 3.9 1.00825
1769772661 : 0 3.8 0.988111
1769772961 : 0 3.6 0.964086
1769773261 : 0 3.6 0.944346
1769773561 : 0 3.6 0.949
1769773861 : 0 3.6 0.962753
1769773862 : 0 3.6 0.962753
1769774161 : 0 3.6 0.964667
1769774461 : 0 3.8 0.986914
1769774761 : 0 3.9 1.00541
1769775061 : 0 3.6 0.969111
1769775361 : 0 3.6 0.962395
1769775661 : 0 4 1.03126
1769775662 : 0 4 1.03126
1769775961 : 0 4.1 1.0776
1769776261 : 0 4.3 1.11331
1769776561 : 0 4.4 1.13981
1769776861 : 0 4.3 1.13107
1769777161 : 0 4.7 1.22327
1769777461 : 0 4.6 1.20498
1769777761 : 0 4.2 1.09637
1769778061 : 0 4 1.04396
1769778361 : 0 4 1.05506
1769778362 : 0 4 1.05506
1769778661 : 0 4 1.03653
1769778961 : 0 4 1.0454
1769779261 : 0 4.1 1.06733
1769779561 : 0 4.2 1.105
1769779861 : 0 7.3 1.90372
1769780161 : 0 7.3 1.92399
1769780461 : 0 6.2 1.6233
1769780761 : 0 5.4 1.43389
1769781061 : 0 4.8 1.25038
1769781062 : 0 4.8 1.25038
1769781361 : 0 4.5 1.18091
1769781661 : 0 4.3 1.11996
1769781961 : 0 4.1 1.07719
1769782261 : 0 4.2 1.0978
1769782561 : 0 5 1.31772
1769782861 : 0 5.2 1.36544
1769783161 : 0 5.2 1.34547
1769783461 : 0 4.7 1.2354
1769783761 : 0 4.5 1.18363
1769784061 : 0 4.5 1.1874
1769784361 : 0 5 1.29605
1769784661 : 0 5 1.30822
1769784961 : 0 5 1.30442
1769785261 : 0 5.1 1.33736
1769785262 : 0 5.1 1.33736
1769785561 : 0 4.9 1.28615
1769785861 : 0 4.6 1.212
1769786161 : 0 5.1 1.33556
1769786461 : 0 5.2 1.36414
1769786761 : 0 5.2 1.35848
1769787061 : 0 5.2 1.38288
1769787361 : 0 5.3 1.39515
1769787661 : 0 5.5 1.44744
1769787961 : 0 5.5 1.44744
1769787962 : 0 5.5 1.44744
1769788261 : 0 5.5 1.44744
1769788561 : 0 5.5 1.44744
1769788861 : 0 5.5 1.44744
1769789161 : 0 4.8 1.26246
1769789461 : 0 5 1.30316
1769789761 : 0 5.2 1.35675
1769790061 : 0 5.3 1.39863
1769790062 : 0 5.3 1.39863
1769790361 : 0 5.2 1.37983
1769790661 : 0 5.2 1.38544
1769790961 : 0 5.6 1.47523
1769791261 : 0 5.4 1.43285
1769791262 : 0 5.4 1.43285
1769791561 : 0 4.9 1.27658
1769791861 : 0 4.6 1.20537
1769792161 : 0 4.5 1.17946
1769792461 : 0 4.5 1.17893
1769792761 : 0 4.4 1.15564
1769793061 : 0 4.4 1.14404
1769793062 : 0 4.4 1.14404
1769793361 : 0 4.5 1.17086
1769793661 : 0 4.6 1.20021
1769793961 : 0 4.5 1.16565
1769794261 : 0 4.5 1.17233
1769794561 : 0 4.5 1.16416
1769794562 : 0 4.5 1.16416
1769794861 : 0 4.6 1.21546
1769795161 : 0 4.8 1.26516
1769795461 : 0 5 1.3062
1769795761 : 0 4.7 1.23605
1769796061 : 0 4.6 1.20947
1769796361 : 0 4.6 1.21644
1769796661 : 0 4.7 1.23879
1769796961 : 0 5 1.31072
1769797261 : 0 5.1 1.34005
1769797561 : 0 5.1 1.34126
1769797861 : 0 5.1 1.31952
1769797862 : 0 5.1 1.31952
1769798161 : 0 4.9 1.2872
1769798461 : 0 5.5 1.45969
1769798761 : 0 6.7 1.75416
1769798762 : 0 6.7 1.75416
1769799061 : 0 5.6 1.46664
1769799361 : 0 5.2 1.3496
1769799362 : 0 5.2 1.3496
1769799661 : 0 4.7 1.22521
1769799961 : 0 4.8 1.24474
