1769710260 0.96 665.3
1769710320 0.38 613.8
1769710380 0.85 653.6
1769710440 0.82 654.5
1769710500 1.52 669.1
1769710560 0.5 619.8
1769710620 1.85 681
1769710680 1.23 670.6
1769710740 1.13 670.7
1769710800 0.95 681
1769710860 0.67 693.8
1769710920 0.69 704.7
1769710980 0.65 685.7
1769711040 0.52 668
1769711100 0.72 694.5
1769711160 0.75 688.6
1769711220 0.48 673.3
1769711280 0.56 673
1769711340 0.78 694.5
1769711400 0.86 658.7
1769711460 1.38 669.1
1769711520 0.48 631.5
1769711580 0.95 671.2
1769711640 0.81 659.6
1769711700 0.88 631.7
1769711760 0.87 665.9
1769711820 0.82 682.2
1769711880 0.73 673.1
1769711940 0.61 660.4
1769712000 0.56 642.7
1769712060 0.68 694.3
1769712120 0.71 691.8
1769712180 0.8 674.6
1769712240 0.73 634.2
1769712300 0.95 690.9
1769712360 0.88 657.1
1769712420 0.8 666.7
1769712480 0.67 645.5
1769712540 0.95 664.5
1769712600 0.75 662.4
1769712660 0.56 651.8
1769712720 0.71 664.2
1769712780 0.73 664.2
1769712840 0.66 659.1
1769712900 0.56 651.1
1769712960 0.61 658.3
1769713020 0.87 702
1769713080 0.48 701.7
1769713140 0.5 696.2
1769713200 0.85 698
1769713260 0.74 665.5
1769713320 1.24 650.4
1769713380 0.9 669.4
1769713440 0.61 655.8
1769713500 0.41 643.5
1769713560 0.39 656.3
1769713620 0.32 653.7
1769713680 0.49 664.2
1769713740 0.87 677.4
1769713800 0.78 674
1769713860 0.35 648.9
1769713920 0.35 646.3
1769713980 0.64 687.2
1769714160 0.72 708.2
1769714220 0.94 702.2
1769714280 0.62 688.8
1769714340 1.25 707.1
1769714400 0.91 723.1
1769714460 0.62 714.2
1769714520 0.32 692.2
1769714580 0.32 688.7
1769714640 0.64 696
1769714700 0.64 676.6
1769714760 0.89 678.1
1769714820 1.06 680.8
1769714880 0.72 663.5
1769714940 1.18 690.6
1769715000 1.93 710.5
1769715060 0.71 691.6
1769715120 0.85 685.3
1769715180 0.92 685.6
1769715240 0.57 708.5
1769715300 0.3 643.1
1769715360 0.63 688.2
1769715420 0.55 679
1769715480 0.47 676.6
1769715540 0.35 652.5
1769715600 0.44 674.2
1769715660 0.53 701.4
1769715720 0.44 690.4
1769715780 0.48 685.5
1769715840 0.67 699.1
1769715900 0.66 703.7
1769715960 0.81 734.6
1769716020 0.04 656.3
1769716080 0.08 660.9
1769716140 0.51 711.4
1769716200 0.52 683.1
1769716260 0.06 589.3
1769716320 0.51 711.8
1769716380 0.57 700.9
1769716440 0.64 696
1769716500 0.8 689.9
1769716560 0.82 685.1
1769716620 0.83 687.3
1769716680 0.85 680
1769716740 0.89 677.4
1769716800 0.88 686.8
1769716860 0.83 692.8
1769716920 0.94 697.8
1769716980 0.33 640.9
1769717040 0.84 699.4
1769717100 0.84 687.2
1769717160 0.78 694.1
1769717220 0.48 660.4
1769717280 0.39 676.8
1769717340 0.62 690.8
1769717400 0.51 684.3
1769717460 0.53 690.6
1769717520 0.31 674.4
1769717580 0.26 669.4
1769717640 0.4 676
1769717700 0.47 693.8
1769717760 0.33 685.2
1769717820 0.05 624.4
1769717880 0.05 632
1769717940 0.1 654.8
1769718000 0.13 658.2
1769718060 0.13 659.1
1769718120 0.08 713.2
1769718180 0.05 723.1
1769718240 0.07 745
1769718300 0.07 718.2
1769718360 0.04 656.3
1769718420 0.53 698.5
1769718480 0.67 729.5
1769718540 0.79 729.6
1769718600 0.96 747
1769718660 1.44 768.4
1769718720 1.5 747.7
1769718780 0.5 708.2
1769718840 0.73 713.9
1769718900 0.38 672.6
1769718960 0.41 674.3
1769719020 0.76 692.7
1769719080 0.62 679.3
1769719140 0.85 680.8
1769719200 1.01 691.4
1769719260 0.53 670
1769719320 0.38 657.7
1769719380 0.49 686
1769719440 0.91 694.3
1769719500 0.81 670.5
1769719560 0.67 654
1769719620 0.87 665.2
1769719680 0.88 669
1769719740 1.01 658.5
1769719800 1.59 683.3
1769719860 0.72 668.3
1769719920 0.78 677
1769720040 0.58 636.9
1769720100 0.76 653.5
1769720160 0.91 665.7
1769720220 0.68 662.1
1769720280 0.29 633.2
1769720340 0.76 664
1769720400 0.64 656.9
1769720460 0.82 662.8
1769720520 0.98 668.6
1769720580 0.8 671.3
1769720640 0.88 687.9
1769720700 0.8 674.9
1769720760 0.5 667.8
1769720820 0.74 668.9
1769720880 0.8 670.8
1769720940 0.76 660.9
1769721000 0.8 668.1
1769721060 0.89 659.1
1769721120 0.83 669.8
1769721180 1.33 683.7
1769721240 0.83 684.2
1769721300 0.68 697.8
1769721360 0.75 714.6
1769721420 0.77 722.4
1769721480 0.63 695.4
1769721540 0.63 688.6
1769721600 0.77 713
1769721660 0.67 705.5
1769721720 0.64 713.5
1769721780 0.73 679.7
1769721840 0.6 710.7
1769721900 0.89 673.6
1769722020 0.91 663.1
1769722080 1.68 691.4
1769722140 0.96 684.7
1769722200 0.56 642.7
1769722260 0.9 690.3
1769722320 1.11 733.9
1769722380 1.12 728.3
1769722440 1.02 693.2
1769722500 0.9 670.5
1769722560 0.96 675.3
1769722620 0.99 670.8
1769722680 0.81 655.5
1769722740 0.75 687.9
1769722800 0.86 696.9
1769722860 0.73 684.8
1769722920 1.14 641.7
1769722980 0.77 670.6
1769723040 0.75 672.1
1769723100 0.84 675
1769723160 0.7 677.7
1769723220 0.78 685
1769723280 0.74 673.5
1769723340 0.69 656.1
1769723400 0.74 652.1
1769723460 0.75 657.2
1769723520 0.79 661.7
1769723580 0.92 668.6
1769723640 0.88 676.1
1769723700 0.88 672.5
1769723760 0.82 671.8
1769723820 0.65 682.5
1769724120 0.94 662
1769724180 0.89 662.4
1769724240 0.79 657.7
1769724300 0.69 675.6
1769724360 0.63 691.2
1769724420 0.64 680.4
1769724480 0.69 673.6
1769724540 0.68 685.2
1769724600 0.65 685.5
1769724660 0.7 687.6
1769724720 0.98 707.3
1769724780 0.75 705.8
1769724840 0.83 666.9
1769724900 0.89 663.4
1769724960 0.86 670.3
1769725020 0.91 678.7
1769725080 0.84 687.7
1769725140 0.68 680
1769725200 0.48 676.1
1769725260 0.41 676.2
1769725320 0.42 668.8
1769725380 0.43 663.7
1769725440 0.41 675.3
1769725500 0.42 685.6
1769725560 0.57 668.5
1769725620 0.54 652.7
1769725680 0.68 643.8
1769725740 0.69 658.7
1769725800 0.77 652.8
1769725980 0.73 645.5
1769726040 0.76 640.3
1769726100 0.68 637.2
1769726160 0.63 638.7
1769726220 0.7 640.6
1769726280 0.8 642.9
1769726340 0.83 645.9
1769726400 0.76 646.9
1769726460 0.66 644.7
1769726520 0.75 641.6
1769726580 0.77 646.5
1769726640 0.78 648.4
1769726700 0.7 646.3
1769726760 0.7 645.6
1769726820 0.74 647.2
1769726880 0.61 671.9
1769726940 0.73 646.7
1769727000 0.81 645.3
1769727060 0.73 653.3
1769727120 0.65 658
1769727180 0.61 663.7
1769727240 0.63 668.5
1769727300 0.63 670.5
1769727360 0.65 662.2
1769727420 0.72 651.5
1769727480 0.63 666.7
1769727540 0.59 661.9
1769727600 0.69 651.7
1769727660 0.57 656
1769727720 0.57 659.4
1769727780 0.56 651.2
1769727960 0.49 696.1
1769728020 0.43 697.1
1769728080 0.39 681.4
1769728140 0.39 683.5
1769728200 0.36 689.2
1769728260 0.34 682.6
1769728320 0.37 688.9
1769728380 0.37 703.2
1769728440 0.34 699.2
1769728500 0.36 705.9
1769728560 0.39 701.2
1769728620 0.45 647.7
1769728680 0.46 643.7
1769728740 0.63 625
1769728800 0.23 664.6
1769728860 0.42 641.2
1769728920 0.28 642.6
1769728980 0.27 642.6
1769729040 0.31 643.8
1769729100 0.36 632.2
1769729160 0.4 620.3
1769729220 0.35 618.2
1769729280 0.35 611.8
1769729340 0.5 602.8
1769729400 0.52 605.8
1769729460 0.41 606.1
1769729520 0.41 608
1769729580 0.58 618.8
1769729640 0.53 618.9
1769729700 0.39 599.6
1769729760 0.45 599.9
1769729940 0.43 601.6
1769730000 0.46 599.9
1769730060 0.49 598.8
1769730120 0.51 598.2
1769730180 0.51 597.3
1769730240 0.51 599.3
1769730300 0.54 604.2
1769730360 0.47 604.8
1769730420 0.52 604
1769730480 0.57 600.3
1769730540 0.51 602.3
1769730600 0.46 598.6
1769730660 0.44 596.5
1769730720 0.49 596.2
1769730780 0.44 597.6
1769730840 0.45 598.1
1769730900 0.38 598.4
1769730960 0.45 598.8
1769731020 0.5 598.4
1769731080 0.48 597.9
1769731140 0.47 597.8
1769731200 0.5 598.3
1769731260 0.52 599.2
1769731320 0.45 599
1769731380 0.43 598.5
1769731440 0.52 594.3
1769731500 0.48 596.1
1769731560 0.51 598.9
1769731620 0.5 606
1769731680 0.57 600.5
1769731740 0.62 606.2
1769731920 0.58 605.1
1769731980 0.56 606
1769732040 0.5 608
1769732100 0.47 608.7
1769732160 0.47 608.3
1769732220 0.46 607.6
1769732280 0.48 603.9
1769732340 0.47 604.3
1769732400 0.57 598.4
1769732460 0.56 599
1769732520 0.47 600.4
1769732580 0.53 600.4
1769732640 0.51 598.1
1769732700 0.51 597.8
1769732760 0.42 600.8
1769732820 0.52 592.5
1769732880 0.58 589.1
1769732940 0.58 590.3
1769733000 0.58 594.8
1769733060 0.63 597.4
1769733120 0.67 600
1769733180 0.62 604.9
1769733240 0.52 595
1769733300 0.52 590.9
1769733360 0.55 590.4
1769733420 0.53 590.2
1769733480 0.44 596.3
1769733540 0.63 589
1769733600 0.59 588.9
1769733660 0.51 591.8
1769733720 0.52 591.4
1769733900 0.59 592.2
1769733960 0.58 591.7
1769734020 0.59 591.7
1769734080 0.59 593.1
1769734140 0.56 593.3
1769734200 0.56 589.1
1769734260 0.63 587.3
1769734320 0.45 597.3
1769734380 0.46 605.6
1769734440 0.76 585.9
1769734560 0.76 577.5
1769734620 0.69 584.2
1769734680 0.67 587.1
1769734740 0.63 589.3
1769734800 0.83 590.3
1769734860 0.9 589.6
1769734920 0.9 587.9
1769734980 0.94 587.7
1769735040 0.89 587.4
1769735100 0.85 584.9
1769735160 0.87 585.7
1769735220 0.95 585
1769735280 1.05 586.2
1769735340 1.19 582.8
1769735400 0.93 589.4
1769735460 1.11 584.7
1769735520 1.08 582.7
1769735580 0.79 591.7
1769735640 0.77 590.8
1769735700 0.78 584.5
1769735760 0.8 578.1
1769735820 0.81 575.7
1769735880 0.55 615.9
1769735940 0.72 610.8
1769736000 0.86 599.6
1769736060 0.68 594.6
1769736120 0.67 602.2
1769736180 0.6 606.7
1769736240 0.51 605.4
1769736300 0.73 610.3
1769736360 1.02 598.3
1769736420 1.09 601.3
1769736480 0.72 591
1769736540 0.82 586.6
1769736600 0.67 586
1769736660 0.68 587.9
1769736720 0.83 592
1769736780 0.99 590.7
1769736840 1.01 584.6
1769736900 0.84 587.4
1769736960 0.7 595.7
1769737020 0.76 591.4
1769737080 0.92 583.2
1769737140 0.86 585.8
1769737200 0.92 583.8
1769737260 0.8 586.6
1769737320 0.8 588.2
1769737380 0.8 587.3
1769737440 0.85 585.3
1769737500 0.91 583.5
1769737560 0.98 582.5
1769737620 0.98 582.9
1769737680 0.95 583.8
1769737740 0.99 582.6
1769737800 1.03 581.3
1769737860 1 578
1769737920 1.01 578.2
1769737980 1.03 577.8
1769738040 1.07 576.4
1769738100 1.1 577.8
1769738160 1.05 578.5
1769738220 1.02 578.1
1769738280 0.91 576.7
1769738340 0.81 563.8
1769738400 0.92 578.6
1769738460 1.03 579.4
1769738520 1.02 578.3
1769738580 1.01 575.3
1769738640 0.88 581.1
1769738700 0.94 582.4
1769738760 1 580.2
1769738820 0.94 580.8
1769738880 0.94 581
1769738940 1.01 580.3
1769739000 1.09 579.9
1769739060 0.9 579.7
1769739120 0.92 579.3
1769739180 0.91 576.5
1769739240 0.54 551.8
1769739300 0.84 577.1
1769739360 1.01 581.6
1769739420 0.99 583.5
1769739480 0.93 581.4
1769739540 0.8 588
1769739600 0.91 594.8
1769739660 1.03 592.1
1769739720 0.99 586.9
1769739780 0.92 585.5
1769739840 0.88 584.6
1769739900 0.87 583.8
1769739960 0.88 581.5
1769740020 0.96 581.1
1769740080 0.88 585.4
1769740140 1.1 584.7
1769740200 0.76 586.5
1769740260 0.71 587.1
1769740320 0.76 581.4
1769740380 1.09 600.6
1769740440 1.08 608.4
1769740500 1.15 607.6
1769740560 1.07 599.5
1769740620 1 586.6
1769740680 0.99 583.1
1769740740 1.03 588.1
1769740800 1.07 592.4
1769740860 0.98 596.4
1769740920 0.93 595.5
1769740980 0.75 596
1769741040 1.05 595.5
1769741100 0.83 591.1
1769741160 0.94 598.2
1769741220 0.83 591.4
1769741280 0.9 576.1
1769741340 0.77 580.4
1769741400 0.46 609.8
1769741460 0.35 606.4
1769741520 0.49 602.8
1769741580 0.85 612.3
1769741640 0.83 615.6
1769741700 0.54 617.8
1769741760 0.49 625.8
1769741820 0.6 599.9
1769741880 0.64 598.7
1769741940 0.83 594.2
1769742000 0.98 591.4
1769742060 0.93 575.9
1769742120 0.91 579.2
1769742180 1.01 585.9
1769742240 0.99 581.8
1769742300 0.99 584
1769742360 0.9 580.3
1769742420 0.82 578.9
1769742480 0.71 606.8
1769742540 0.74 624.1
1769742600 0.8 610.5
1769742660 0.74 590.8
1769742720 0.58 597.9
1769742780 0.4 619.3
1769742840 0.34 601.7
1769742900 0.52 585.5
1769742960 0.46 591.9
1769743020 0.44 606.7
1769743080 0.72 592.5
1769743140 0.88 592.6
1769743200 0.85 583.7
1769743260 0.64 585.1
1769743320 0.89 593.2
1769743380 0.86 581.5
1769743440 0.76 573.7
1769743500 0.91 580.3
1769743560 1.05 583.2
1769743620 1.04 579.8
1769743680 1.06 582
1769743740 1.12 586.2
1769743800 0.79 582.6
1769743860 0.83 581.7
1769743920 1.02 576.1
1769743980 0.94 570.7
1769744040 0.92 572.1
1769744100 0.9 572.2
1769744160 0.75 578.7
1769744220 0.74 598.6
1769744280 0.78 615.8
1769744340 0.8 620.8
1769744400 0.82 615.5
1769744460 0.86 623
1769744520 0.87 627.7
1769744580 0.89 621.3
1769744640 0.9 613.9
1769744700 0.92 602.8
1769744760 1.02 599.2
1769744820 0.75 598.5
1769744880 0.78 578.9
1769744940 0.67 575.5
1769745000 0.87 576.8
1769745060 0.82 591.3
1769745120 0.96 575.9
1769745180 0.79 578.5
1769745240 0.81 577.5
1769745300 0.85 577.7
1769745360 0.78 576.8
1769745420 0.75 575.1
1769745480 0.77 575.3
1769745600 0.84 577.2
1769745660 0.92 573.4
1769745720 1.12 563.6
1769745780 1.04 562.7
1769745840 1.02 563.8
1769745900 0.81 575.9
1769745960 0.7 581.3
1769746020 0.73 574.3
1769746080 0.74 572.6
1769746140 0.79 584.5
1769746200 0.8 615.4
1769746260 0.78 598.2
1769746320 0.72 609.4
1769746380 0.84 590.5
1769746440 0.94 563.6
1769746500 0.98 563.5
1769746560 1.07 563.4
1769746620 1.09 563.9
1769746680 1.11 561.1
1769746740 1.01 562.7
1769746800 0.96 561.7
1769746860 0.97 562.7
1769746920 0.95 567.3
1769746980 0.77 568.2
1769747040 0.84 572.8
1769747100 0.96 572.8
1769747160 1.12 576.7
1769747220 1.08 574.3
1769747280 1.02 577
1769747340 0.9 580.6
1769747400 0.87 580.6
1769747460 0.98 581.1
1769747520 1.01 582.2
1769747580 0.92 581.4
1769747640 0.86 582.3
1769747700 0.83 585.7
1769747760 0.86 570.4
1769747820 0.86 570.6
1769747880 0.79 584.6
1769747940 0.78 597.9
1769748000 0.73 592.2
1769748060 1.01 584.3
1769748120 1.07 578
1769748180 1.01 572.7
1769748240 1.03 568.6
1769748300 1.08 564.5
1769748360 1.06 563.2
1769748420 1.08 569.8
1769748480 1.15 585
1769748540 1.11 597
1769748600 1.06 592.6
1769748660 1.07 587.2
1769748720 0.98 573.6
1769748780 0.98 579
1769748840 0.95 570
1769748900 0.74 571.6
1769748960 1 582.7
1769749020 1.19 580.2
1769749080 1.16 577.4
1769749140 1.04 573.4
1769749200 1.04 567.6
1769749260 0.94 569.4
1769749320 0.88 569.6
1769749380 0.91 564.6
1769749440 0.87 561.7
1769749500 0.88 558.3
1769749560 0.9 555.4
1769749620 0.89 558.3
1769749680 0.91 567.2
1769749800 0.85 564.9
1769749860 0.88 568.9
1769749920 0.83 570.6
1769749980 0.93 581.6
1769750040 0.87 569.4
1769750100 0.97 564.9
1769750160 0.87 571.8
1769750220 0.94 575.6
1769750280 1.03 581.3
1769750340 1.02 583.7
1769750400 1.05 583.5
1769750460 1 590.3
1769750520 0.9 589.4
1769750580 0.59 621
1769750640 0.94 638.5
1769750700 0.86 623.5
1769750760 0.75 629.1
1769750820 0.86 620.5
1769750880 0.94 612.3
1769750940 0.86 627.2
1769751000 0.97 634.7
1769751060 0.83 613.5
1769751120 0.82 607.6
1769751180 0.94 604.6
1769751240 1.01 598.2
1769751300 1.03 600.8
1769751360 0.99 604.3
1769751420 0.89 600.3
1769751480 0.89 602.3
1769751540 1.04 603.6
1769751600 0.94 602.5
1769751660 1 602.5
1769751780 1.08 587.6
1769751840 1.16 591.5
1769751900 1.25 599.2
1769751960 1.1 609.1
1769752020 1 613.2
1769752080 1.08 612.6
1769752140 1.02 612.8
1769752200 1.13 613.9
1769752260 1.34 611.2
1769752320 1.28 608.7
1769752380 1.2 612.2
1769752440 1.1 611.5
1769752500 1.2 609.6
1769752560 1.27 609.1
1769752620 1.24 605
1769752680 0.97 605.3
1769752740 0.9 582.6
1769752800 0.83 575.8
1769752860 0.86 571.9
1769752920 0.72 584.6
1769752980 0.6 591.7
1769753040 0.56 591.6
1769753100 0.7 584.9
1769753160 0.91 580.1
1769753220 0.94 586.8
1769753280 0.93 587.2
1769753340 1.09 569.8
1769753400 1.09 568.4
1769753460 1.02 565.5
1769753520 1.15 562.3
1769753580 1.15 571.4
1769753640 1.23 579.6
1769753760 1.28 582.5
1769753820 1.2 583.2
1769753880 1.27 586.4
1769753940 1.29 582.3
1769754000 1.29 578
1769754060 1.29 577.8
1769754120 1.27 582.3
1769754180 1.23 583.1
1769754240 1.19 578.5
1769754300 1.22 578.2
1769754360 1.38 578.3
1769754420 1.49 576.9
1769754480 1.48 575.9
1769754540 1.48 567.7
1769754600 1.29 575
1769754660 1.24 580.9
1769754720 0.95 588.1
1769754780 1.09 587.2
1769754840 1.15 586.2
1769754900 1.27 582.1
1769754960 0.95 583.8
1769755020 0.9 586.5
1769755080 0.97 583.8
1769755140 1.09 591.9
1769755200 1.35 606
1769755260 1.28 600.5
1769755320 1.25 591.3
1769755380 1.18 579.7
1769755440 1.22 589.2
1769755500 1.22 590.4
1769755560 1.23 587.9
1769755620 1.19 586.7
1769755680 1.18 586.6
1769755740 1.5 593.6
1769755800 1.34 593.4
1769755860 1.68 595.7
1769755920 1.49 594.9
1769755980 1.25 591.7
1769756040 1.34 592.8
1769756100 1.36 596.3
1769756160 1.26 599.1
1769756220 1.33 605.6
1769756280 1.47 611.6
1769756340 1.32 602.5
1769756400 1.17 604.1
1769756460 1.43 602.1
1769756520 1.27 603.7
1769756580 1.2 603.5
1769756640 2.85 611.3
1769756700 3.07 612.4
1769760360 1.21 549.1
1769760420 1.28 551.7
1769760480 1.25 551.7
1769760540 1.3 552.8
1769760600 1.23 551.8
1769760660 1.28 550.9
1769760720 1.28 550.6
1769760780 1.27 550
1769760840 1.27 550.7
1769760900 1.28 551.4
1769760960 1.26 551.3
1769761020 1.22 551.9
1769761080 1.2 550.7
1769761140 1.2 549.5
1769761200 1.19 550.1
1769761260 1.15 551.3
1769761320 1.15 544.2
1769761380 1.18 551.8
1769761440 1.19 576.1
1769761500 1.15 581.7
1769761560 1.34 585.3
1769761620 1.4 586.3
1769761680 1.3 585.9
1769761740 1.08 585.4
1769761800 1.08 587.3
1769761860 1.2 589.3
1769761920 1.06 587.1
1769761980 1.04 585.2
1769762040 1.2 583.9
1769762100 1.15 574.2
1769762160 1.16 569.2
1769762220 1.06 541.5
1769762280 1.24 552.8
1769762340 1.17 546
1769762400 1.32 548.1
1769762460 1.08 552
1769762520 1.2 550.5
1769762580 1.08 556
1769762640 1.2 557
1769762700 1.19 564
1769762760 1.14 563.1
1769762820 1.19 558.5
1769762880 1.18 560.3
1769762940 1.2 555
1769763000 1.23 555.3
1769763060 1 550.3
1769763120 1.01 550.9
1769763180 1.07 556.7
1769763300 1.18 557.5
1769763360 1.25 555.4
1769763420 1.23 554.4
1769763480 1.11 548.5
1769763660 1.06 555.9
1769763720 1.07 554.1
1769763780 1.07 554.9
1769763840 1.04 557.9
1769763900 0.95 560.2
1769763960 0.88 569.8
1769764020 0.98 569.1
1769764080 0.99 566
1769764140 1.06 564.9
1769764200 1 566
1769764260 1.03 561.4
1769764320 0.98 556.9
1769764380 1.23 549.9
1769764440 1.3 549.7
1769764500 1.3 551.4
1769764560 1.27 551.7
1769764620 1.3 550.5
1769764680 1.32 550.6
1769764740 1.36 550.9
1769764800 1.37 549.2
1769764860 1.21 551.1
1769764920 1.19 559.9
1769764980 1.27 562.8
1769765040 1.29 560.6
1769765100 1.4 553.7
1769765160 0.99 558.6
1769765220 0.87 559.9
1769765280 0.94 557.9
1769765340 1.32 560
1769765400 1.08 556.5
1769765460 0.92 554.6
1769765640 1.32 548
1769765700 1.27 547.2
1769765760 1.13 548.5
1769765820 0.97 552.2
1769765880 0.96 549.4
1769765940 1.28 543.4
1769766000 1.29 545.8
1769766060 1.42 547.2
1769766120 1.34 544.9
1769766180 1.08 541.3
1769766240 1.26 536.6
1769766300 1.3 535.1
1769766360 1.35 543.1
1769766420 1.2 544.2
1769766480 1.28 547.5
1769766540 1.26 547.2
1769766600 1.23 549.8
1769766660 1.28 553.6
1769766720 1.23 549.5
1769766780 1.13 546.5
1769766840 1.12 547.1
1769766900 1.09 544.2
1769766960 0.91 549.3
1769767020 1.04 547
1769767080 1.13 543.4
1769767320 1.26 549
1769767380 1.21 549.7
1769767440 1.31 550.4
1769767620 1.11 551.7
1769767680 1.14 552.2
1769767740 1.22 553.4
1769767800 1.24 554
1769767860 1.17 552.7
1769767920 1.26 551.1
1769767980 1.25 546.9
1769768040 1.33 538.3
1769768100 1.23 538.9
1769768160 1.24 542.4
1769768220 1.21 541.1
1769768280 1.07 542.6
1769768340 1.3 538.7
1769768400 1.27 539.6
1769768460 1.09 537.6
1769768520 1.04 535
1769768580 1.2 534.5
1769768640 1.39 533.2
1769768700 1.35 533
1769768760 1.32 530.8
1769768820 1.27 529.8
1769768880 1.23 530.4
1769768940 1.1 530
1769769000 1.11 533.3
1769769060 1.04 535.3
1769769120 1.13 532.7
1769769180 1.11 533.8
1769769240 1.19 533.6
1769769300 1.11 536.5
1769769360 1.19 535.3
1769769420 1.28 534.5
1769769480 1.29 535.1
1769769600 1.14 537.6
1769769660 1.1 538.2
1769769720 1.11 537.7
1769769780 1.4 530.8
1769769840 1.2 537
1769769900 1.04 543.9
1769769960 1.33 532.3
1769770020 1.03 539.7
1769770080 0.94 544.7
1769770140 0.9 544.2
1769770200 0.86 546.1
1769770260 1.07 540.5
1769770320 1.19 539.1
1769770380 0.98 543.4
1769770440 0.79 551
1769770500 0.81 553.1
1769770560 0.81 548.6
1769770620 0.84 551.2
1769770680 1.03 556.3
1769770740 0.88 546.5
1769770800 1.38 530.5
1769770860 1.47 529.4
1769770920 1.4 530.9
1769770980 1.38 528.7
1769771040 1.26 531.5
1769771100 1.13 527.3
1769771160 1.31 528.2
1769771220 1.33 529.5
1769771280 1.3 529.2
1769771340 1.19 530.8
1769771400 1.12 532
1769771460 1.13 531.6
1769771580 1.13 528.2
1769771640 1.11 530.1
1769771700 1.03 537.2
1769771760 0.95 540
1769771820 0.81 539.6
1769771880 0.85 543.5
1769771940 0.92 541.3
1769772000 0.88 546.8
1769772060 0.93 550
1769772120 0.83 547.4
1769772180 0.86 542.1
1769772240 0.89 544.7
1769772300 0.87 550.2
1769772360 0.84 557.5
1769772420 0.79 558.4
1769772480 0.78 556.2
1769772540 0.93 566.3
1769772600 1.02 571
1769772660 0.94 572.1
1769772720 0.77 565.3
1769772780 0.58 555.4
1769772840 0.77 562.7
1769772900 0.72 557.4
1769772960 0.67 555.7
1769773020 0.67 555.9
1769773080 0.72 550.4
1769773140 0.75 548.1
1769773200 0.73 555
1769773260 0.8 553.5
1769773320 1.04 543
1769773380 1.27 533.8
1769773440 1.33 529.5
1769773560 1.37 546.1
1769773620 1.31 546
1769773680 1.03 543.8
1769773740 1.41 529
1769773800 1.3 537.1
1769773860 1.16 539.7
1769773920 1.12 542.4
1769773980 1.12 545.5
1769774040 1.12 546.1
1769774100 1.38 555.2
1769774160 1.32 553
1769774220 1.29 553.7
1769774280 1.3 554.4
1769774340 1.15 555.4
1769774400 0.89 558.8
1769774460 0.85 559.5
1769774520 0.93 558.9
1769774580 1.12 556.5
1769774640 1.25 553.5
1769774700 1.48 548.7
1769774760 1.36 550.1
1769774820 0.95 559.7
1769774880 0.97 543.5
1769774940 0.89 540.3
1769775000 1.16 540.1
1769775060 1.18 545.4
1769775120 1.26 538.1
1769775180 1.33 534.8
1769775240 1.3 559.9
1769775300 1.32 579.6
1769775360 1.29 568.3
1769775420 1.08 559.6
1769775540 1.28 548.9
1769775600 1.29 548.1
1769775660 1.34 539.6
1769775720 1.39 558.3
1769775780 0.83 560.9
1769775840 0.55 539.1
1769775900 1.04 549.7
1769775960 0.99 566.1
1769776020 1.3 577.9
1769776080 0.9 539.1
1769776140 1 533.4
1769776200 1.46 556.4
1769776260 1.38 552.4
1769776320 1.19 544.6
1769776380 1.33 555.4
1769776440 1.37 550.3
1769776500 1.25 547.2
1769776560 0.45 514.5
1769776620 1.31 546.1
1769776680 1.36 564.7
1769776740 1.78 566.6
1769776800 0.89 534.1
1769776860 1.18 539.4
1769776920 1.4 540.9
1769776980 0.86 525.5
1769777040 1.01 537.5
1769777100 1.1 541.9
1769777160 0.99 536.7
1769777220 0.78 523.7
1769777280 0.8 517.8
1769777340 1.48 543.2
1769777400 1.28 541.7
1769777460 0.73 537.1
1769777520 0.86 541.6
1769777580 0.86 541.3
1769777640 0.94 524.9
1769777700 0.42 513.5
1769777760 1.19 537.7
1769777820 0.89 545
1769777880 0.86 547.1
1769777940 0.49 524.7
1769778000 0.62 554.7
1769778060 0.89 556.4
1769778120 0.91 541.5
1769778180 0.66 541.5
1769778240 0.6 541.4
1769778300 0.9 554.3
1769778360 0.7 554.7
1769778420 0.74 551.5
1769778480 1.04 557.8
1769778540 0.91 537.3
1769778600 0.59 542.6
1769778660 0.46 509.1
1769778720 0.82 570.9
1769778780 0.73 559.1
1769778840 0.81 553.9
1769778900 0.71 547.6
1769778960 0.8 549.9
1769779020 0.93 541.6
1769779080 0.78 525.3
1769779140 0.81 526.8
1769779200 1.1 539.3
1769779260 1.14 537.5
1769779320 1.2 526.9
1769779380 0.86 510.5
1769779440 1.25 538.4
1769779560 1.7 547.8
1769779620 0.92 521.9
1769779680 1.47 527.8
1769779740 1.18 525
1769779800 0.88 519.3
1769779860 1.51 535.3
1769779920 1.6 536.2
1769779980 1.32 529.6
1769780040 1.02 520.2
1769780100 1.07 522.7
1769780160 1.49 534.1
1769780220 1.53 526.4
1769780280 1.47 522.6
1769780340 1.62 522.1
1769780400 1.37 518.9
1769780460 1.44 520.4
1769780520 0.58 508.3
1769780580 1.74 528.8
1769780640 1.86 530.8
1769780700 1.46 525.9
1769780760 0.73 507.9
1769780820 1.12 522.8
1769780880 1.39 538.3
1769780940 1.38 542
1769781000 1.42 532.6
1769781060 1.39 526.2
1769781120 1.34 517.8
1769781180 1.11 515.8
1769781240 0.8 514.2
1769781300 1.74 534.9
1769781360 1.82 534.7
1769781420 1.59 537.6
1769781540 2.14 555.8
1769781600 1.42 526
1769781660 0.72 523.3
1769781720 1.8 538
1769781780 1.62 530.2
1769781840 1.2 532.5
1769781900 1.32 541.2
1769781960 1.59 550.8
1769782020 1.66 553.4
1769782080 1.7 551.2
1769782140 1.71 551.9
1769782200 1.47 537
1769782260 1.57 546.4
1769782320 1.05 538.7
1769782380 0.54 519.1
1769782440 1.27 553.6
1769782500 1.49 532.3
1769782560 1.19 526.4
1769782620 0.57 503.7
1769782680 1.53 526.3
1769782740 1.78 532.6
1769782800 1.57 531.6
1769782860 1.53 526.1
1769782920 1.52 524.3
1769782980 1.38 524.8
1769783040 1.32 521.8
1769783100 1.36 521.8
1769783160 1.22 519.6
1769783220 1.23 519.6
1769783280 1.48 532.9
1769783340 0.44 494.6
1769783400 1.44 526.3
1769783580 1.27 523.4
1769783640 1.2 521.8
1769783700 1.19 525.3
1769783760 0.73 509.3
1769783820 1.29 524.7
1769783880 1.91 542
1769783940 1.7 533.9
1769784000 1.15 519.7
1769784060 0.85 514.6
1769784120 1.84 543.7
1769784180 1.63 532.5
1769784240 1.17 524.3
1769784300 1.03 525.5
1769784360 1.12 529.8
1769784420 1.13 533.5
1769784480 0.99 531.1
1769784540 0.97 537.6
1769784600 1 533.1
1769784660 1.19 531.8
1769784720 0.83 510.9
1769784780 1.28 525.4
1769784840 1.83 543.1
1769784900 1.66 533.4
1769784960 1.5 527.2
1769785020 1.55 526.7
1769785080 1.51 524.9
1769785140 1.2 518.8
1769785200 10.54 499.9
1769785260 118.5 555.8
1769785320 1.05 527
1769785380 1.33 534.8
1769785440 1.35 535.2
1769785560 1.06 525.2
1769785620 1.15 522.1
1769785680 1.65 536.9
1769785740 1.55 534.4
1769785800 1.38 526.5
1769785860 1.07 517.4
1769785920 0.76 516
1769785980 1.33 540
1769786040 1.13 528.3
1769786100 1.07 522.5
1769786160 0.59 503.1
1769786220 1.48 539.4
1769786280 1.47 531.4
1769786340 1.7 533.4
1769786400 1.51 516.6
1769786460 1.03 519.5
1769786520 2.31 531.9
1769786580 1.15 511.6
1769786640 1.08 508.4
1769786700 1.48 515.7
1769786760 1.25 533.4
1769786820 0.89 537.8
1769786880 0.98 538.6
1769786940 1.5 580.1
1769787000 1.51 600.8
1769787060 1.6 604.4
1769787120 1.41 603.1
1769787180 1.29 589.9
1769787240 1.11 587.2
1769787300 0.62 544.7
1769787360 1.28 587.4
1769787420 1.37 593.4
1769787480 1.07 570.6
1769787540 1.24 580.7
1769787600 1.47 601.6
1769787660 1.45 602.7
1769787720 1.27 582.3
1769787780 1.31 584.1
1769787840 1.63 614.4
1769787900 1.77 620.2
1769787960 1.36 586.8
1769788020 1.23 558.8
1769788080 1.7 613.9
1769788140 1.88 591.2
1769788200 1.12 515.6
1769788260 0.67 499.1
1769788320 1.26 524.7
1769788380 1.39 533.9
1769788440 0.88 507.1
1769788500 1.14 519.2
1769788560 1.49 524.9
1769788620 1.53 519.4
1769788680 0.98 506.8
1769788800 1.45 521
1769788860 1.5 520.6
1769788920 1.54 516.6
1769788980 1.28 506.1
1769789040 1.33 511.1
1769789100 1.3 519.6
1769789160 1.26 512.7
1769789220 1.88 528.6
1769789280 1.72 516.1
1769789340 1.49 516.7
1769789400 1.44 517.2
1769789460 1.49 514.8
1769789520 1.33 512.8
1769789580 1.23 515.3
1769789640 1.27 518.9
1769789700 1.31 516.6
1769789760 1.25 517.3
1769789820 1.15 524.1
1769789880 1.13 523.7
1769789940 1.34 538.7
1769790000 1.51 538.3
1769790060 1.39 531.9
1769790120 1.04 517.6
1769790180 1.23 527.7
1769790240 1.29 526.2
1769790300 1.12 521.1
1769790360 1.22 523.5
1769790420 1.08 519.7
1769790480 1.1 518.9
1769790540 0.73 504.5
1769790600 0.87 506.3
1769790660 1.35 521.9
1769790720 1.3 520
1769790780 1.27 514.6
1769790840 1.23 514.4
1769790900 1.49 525.2
1769790960 1.41 527.1
1769791020 1.4 510.9
1769791080 1.53 513.2
1769791140 1.34 511.5
1769791200 1.15 519.9
1769791260 0.55 496.2
1769791320 1.24 521.6
1769791380 1.51 531.9
1769791440 1.61 529.8
1769791500 1.03 508.7
1769791560 1.05 505.8
1769791620 1.55 521.1
1769791680 1.25 517.7
1769791740 0.86 512.3
1769791800 1.18 515.4
1769791860 1.28 518.3
1769791920 1.19 517.1
1769791980 0.44 492.5
1769792040 1.29 519.8
1769792100 1.49 525.7
1769792160 1.19 510.5
1769792220 0.68 497.1
1769792280 1.39 513.5
1769792340 1.67 519
1769792400 1.3 510.4
1769792460 1.37 513.7
1769792520 1.56 520.9
1769792580 1.39 517.9
1769792640 0.96 505.3
1769792700 0.65 496.7
1769792760 1.42 513.6
1769792820 1.64 517
1769792880 1.32 520.8
1769792940 0.55 500.8
1769793000 1.73 534.1
1769793060 1.39 524.3
1769793120 0.9 501.7
1769793180 1.45 514
1769793240 1.36 514.7
1769793300 1.2 512.3
1769793360 1.17 511.6
1769793420 1.62 519.7
1769793480 1.46 513.4
1769793540 1.34 511.1
1769793600 1.18 511.3
1769793660 0.99 507.2
1769793720 1.61 525.4
1769793780 1.49 520
1769793840 0.98 503.4
1769793900 2.08 529.9
1769793960 1.6 517.3
1769794020 1.42 512.3
1769794080 0.74 490.5
1769794140 1.64 525.3
1769794200 1.58 519.3
1769794260 1.59 516
1769794320 0.99 499.6
1769794380 1.09 505.6
1769794440 1.62 521.8
1769794500 1.42 516.1
1769794560 1.25 510
1769794620 1.66 519.3
1769794680 1.32 514.6
1769794740 1.14 510.3
1769794800 0.83 498.7
1769794860 1.82 528
1769794920 1.71 525.1
1769794980 1.62 512
1769795040 1.3 503.3
1769795100 1.73 512.3
1769795160 1.53 506.2
1769795220 0.87 494.3
1769795280 1.52 504.3
1769795340 2.09 513.2
1769795520 1.2 494.1
1769795580 1.92 509.9
1769795640 1.58 507.3
1769795700 1.47 503.7
1769795760 1.58 508.9
1769795820 1.44 503.8
1769795880 1.43 502
1769795940 0.67 488.9
1769796000 1.91 517.9
1769796060 1.55 507.3
1769796120 1.56 516.7
1769796180 0.87 498.3
1769796240 1.37 511.9
1769796300 1.76 521.6
1769796360 1.52 516.2
1769796420 1.42 510
1769796480 1.49 504.8
1769796540 1.47 507.2
1769796600 1.16 501.3
1769796660 0.74 495
1769796720 1.82 511.5
1769796780 1.89 510.6
1769796840 1.62 503.4
1769796900 0.68 493.5
1769796960 2.05 514.1
1769797020 1.75 509.4
1769797080 1.61 505
1769797140 1.7 505.7
1769797200 1.71 506.2
1769797260 1.61 506.1
1769797320 1.56 506.2
1769797380 1.31 496.6
1769797440 1.35 498.5
1769797500 1.46 503.7
1769797560 1.41 504.3
1769797620 1.02 494.9
1769797680 1.95 509.5
1769797740 1.66 505.2
1769797800 1.5 500.7
1769797860 1.98 509.3
1769797920 1.77 511.6
1769797980 1.48 503.9
1769798040 1.43 494.5
1769798100 2 507.2
1769798160 2.08 512.1
1769798220 1.74 507.9
1769798280 1.29 498.1
1769798340 1.41 497.4
1769798400 1.88 506.5
1769798460 1.57 500.9
1769798520 1.38 495.9
1769798580 1.85 507.8
1769798640 1.64 501.4
1769798700 1.27 500.2
1769798760 0.71 486.8
1769798820 1.95 507.5
1769798880 2.06 505.8
1769798940 1.82 502.2
1769799000 1.68 496.8
1769799060 1.73 498.8
1769799120 1.79 500.5
1769799180 1.49 495.4
1769799240 1.44 493.6
1769799300 1.65 496
1769799360 1.64 500.8
1769799480 0.96 486.9
1769799540 2.08 513.1
1769799600 1.77 498.3
1769799660 1.73 490.7
1769799720 1.8 494.8
1769799780 1.89 500.8
1769799840 1.69 492.8
1769799900 1.02 487.8
1769799960 1.54 490.7
1769800020 1.99 498.6
1769800080 1.51 494.9
